Vertex Count: 312

Data:

163.637 -142.801 229.832 0.7775 0.0472 0.9851 -0.1719 -0.0047
139.689 -142.801 -104.295 0.5584 0.0482 0.981 -0.0888 -0.1727
143.254 -105.579 -103.195 0.5592 0.0237 0.9817 -0.0899 -0.1679
143.254 -105.579 -103.195 0.5592 0.0237 0.9817 -0.0899 -0.1679
170.626 -105.579 237.047 0.7824 0.0225 0.982 -0.1879 0.0181
163.637 -142.801 229.832 0.7775 0.0472 0.9851 -0.1719 -0.0047
155.005 -142.801 362.325 0.8643 0.0491 0.005 -0.2987 0.9543
157.378 -105.579 373.817 0.8722 0.0249 0.0059 -0.2953 0.9554
0.0001 -105.579 374.785 0.968 0.0627 0 -0.314 0.9494
0.0001 -105.579 374.785 0.968 0.0627 0 -0.314 0.9494
0.0001 -142.801 362.325 0.9585 0.0865 -0 -0.3174 0.9483
155.005 -142.801 362.325 0.8643 0.0491 0.005 -0.2987 0.9543
143.254 -105.579 -103.195 0.5592 0.0237 0.9817 -0.0899 -0.1679
139.689 -142.801 -104.295 0.5584 0.0482 0.981 -0.0888 -0.1727
98.349 -142.801 -252.919 0.4576 0.0504 0.9317 -0.0713 -0.3563
98.349 -142.801 -252.919 0.4576 0.0504 0.9317 -0.0713 -0.3563
98.9981 -105.579 -258.453 0.4537 0.0261 0.9272 -0.0895 -0.3638
143.254 -105.579 -103.195 0.5592 0.0237 0.9817 -0.0899 -0.1679
68.7954 60.964 45.3704 0.5339 0.6739 0.6505 0.7188 -0.2451
45.12 -23.8499 -198.559 0.1568 0.6373 0.5107 0.8147 -0.2748
0 -16.919 -198.559 0.1568 0.5675 -0 0.9538 -0.3003
0 -16.919 -198.559 0.1568 0.5675 -0 0.9538 -0.3003
0 85.399 45.012 0.5333 0.5675 -0 0.9526 -0.3041
68.7954 60.964 45.3704 0.5339 0.6739 0.6505 0.7188 -0.2451
98.9981 -105.579 -258.453 0.4537 0.0261 0.9272 -0.0895 -0.3638
98.349 -142.801 -252.919 0.4576 0.0504 0.9317 -0.0713 -0.3563
56.9153 -142.801 -334.521 0.3978 0.0527 0.7048 -0.3077 -0.6392
56.9153 -142.801 -334.521 0.3978 0.0527 0.7048 -0.3077 -0.6392
58.3437 -105.579 -352.096 0.387 0.0281 0.6056 -0.3589 -0.7103
98.9981 -105.579 -258.453 0.4537 0.0261 0.9272 -0.0895 -0.3638
0 -16.919 -198.559 0.1568 0.5675 -0 0.9538 -0.3003
45.12 -23.8499 -198.559 0.1568 0.6373 0.5107 0.8147 -0.2748
30.8503 -43.8814 -285.8 0.0219 0.6152 0.4115 0.8178 -0.4023
30.8503 -43.8814 -285.8 0.0219 0.6152 0.4115 0.8178 -0.4023
0.0001 -41.5203 -292.168 0.0121 0.5675 0 0.8684 -0.4959
0 -16.919 -198.559 0.1568 0.5675 -0 0.9538 -0.3003
155.005 -142.801 362.325 0.9803 0.3051 0 -1 0
0.0001 -142.801 362.325 0.9135 0.4229 0 -1 0
0 -142.801 260.958 0.8364 0.3792 0 -1 0
0 -142.801 260.958 0.8364 0.3792 0 -1 0
163.637 -142.801 229.832 0.8833 0.2414 0 -1 0
155.005 -142.801 362.325 0.9803 0.3051 0 -1 0
132.333 -76.9235 341.497 0.9712 0.4898 0.8302 0.557 0.0228
157.378 -105.579 373.817 0.9873 0.5479 0.7114 0.6994 0.0689
170.626 -105.579 237.047 0.8322 0.4882 0.6254 0.7803 -0.0116
170.626 -105.579 237.047 0.8322 0.4882 0.6254 0.7803 -0.0116
133.423 -76.9235 229.832 0.8486 0.4332 0.8171 0.5757 -0.0288
132.333 -76.9235 341.497 0.9712 0.4898 0.8302 0.557 0.0228
106.24 -76.9235 -104.295 0.3285 0.9883 0.7483 0.6436 -0.1607
68.7954 60.964 45.3704 0.5503 0.784 0.6505 0.7188 -0.2451
77.8828 95.9522 205.451 0.7874 0.7321 0.709 0.6916 -0.1379
77.8828 95.9522 205.451 0.7874 0.7321 0.709 0.6916 -0.1379
133.423 -76.9235 229.832 0.8236 0.9883 0.8171 0.5757 -0.0288
106.24 -76.9235 -104.295 0.3285 0.9883 0.7483 0.6436 -0.1607
77.8828 95.9522 205.451 0.7874 0.7321 0.709 0.6916 -0.1379
86.4086 109.074 341.497 0.989 0.7127 0.7413 0.6621 -0.1103
132.333 -76.9235 341.497 0.989 0.9883 0.8302 0.557 0.0228
132.333 -76.9235 341.497 0.989 0.9883 0.8302 0.557 0.0228
133.423 -76.9235 229.832 0.8236 0.9883 0.8171 0.5757 -0.0288
77.8828 95.9522 205.451 0.7874 0.7321 0.709 0.6916 -0.1379
86.4086 109.074 341.497 0.234 0.1059 -0 -0 1
0.0001 142.801 341.497 0.0304 0.0261 0 -0 1
0.0001 -76.9235 341.497 0.0296 0.5441 0 -0 1
0.0001 -76.9235 341.497 0.0296 0.5441 0 -0 1
132.333 -76.9235 341.497 0.3416 0.5445 0 -0 1
86.4086 109.074 341.497 0.234 0.1059 -0 -0 1
45.12 -23.8499 -198.559 0.1888 0.9097 0.5107 0.8147 -0.2748
73.1707 -76.9235 -252.919 0.1083 0.9883 0.7175 0.6547 -0.2378
46.671 -76.9235 -319.906 0.009 0.9883 0.4732 0.7348 -0.486
46.671 -76.9235 -319.906 0.009 0.9883 0.4732 0.7348 -0.486
30.8503 -43.8814 -285.8 0.0596 0.9393 0.4115 0.8178 -0.4023
45.12 -23.8499 -198.559 0.1888 0.9097 0.5107 0.8147 -0.2748
106.24 -76.9235 -104.295 0.3285 0.9883 0.7483 0.6436 -0.1607
73.1707 -76.9235 -252.919 0.1083 0.9883 0.7175 0.6547 -0.2378
45.12 -23.8499 -198.559 0.1888 0.9097 0.5107 0.8147 -0.2748
45.12 -23.8499 -198.559 0.1888 0.9097 0.5107 0.8147 -0.2748
68.7954 60.964 45.3704 0.5503 0.784 0.6505 0.7188 -0.2451
106.24 -76.9235 -104.295 0.3285 0.9883 0.7483 0.6436 -0.1607
0.0001 -76.9235 -331.01 0.2705 0.0147 -0 0.785 -0.6195
46.671 -76.9235 -319.906 0.2787 0.0721 0.4732 0.7348 -0.486
58.3437 -105.579 -352.096 0.2262 0.0845 0.4011 0.7716 -0.4937
58.3437 -105.579 -352.096 0.2262 0.0845 0.4011 0.7716 -0.4937
0 -105.579 -374.785 0.2073 0.0113 -0 0.8367 -0.5477
0.0001 -76.9235 -331.01 0.2705 0.0147 -0 0.785 -0.6195
143.254 -105.579 -103.195 0.4711 0.2881 0.6109 0.7848 -0.1047
106.24 -76.9235 -104.295 0.4941 0.2364 0.7483 0.6436 -0.1607
133.423 -76.9235 229.832 0.8486 0.4332 0.8171 0.5757 -0.0288
133.423 -76.9235 229.832 0.8486 0.4332 0.8171 0.5757 -0.0288
170.626 -105.579 237.047 0.8322 0.4882 0.6254 0.7803 -0.0116
143.254 -105.579 -103.195 0.4711 0.2881 0.6109 0.7848 -0.1047
98.9981 -105.579 -258.453 0.3168 0.1684 0.6918 0.686 -0.2255
73.1707 -76.9235 -252.919 0.3439 0.1299 0.7175 0.6547 -0.2378
106.24 -76.9235 -104.295 0.4941 0.2364 0.7483 0.6436 -0.1607
106.24 -76.9235 -104.295 0.4941 0.2364 0.7483 0.6436 -0.1607
143.254 -105.579 -103.195 0.4711 0.2881 0.6109 0.7848 -0.1047
98.9981 -105.579 -258.453 0.3168 0.1684 0.6918 0.686 -0.2255
58.3437 -105.579 -352.096 0.2262 0.0845 0.4011 0.7716 -0.4937
46.671 -76.9235 -319.906 0.2787 0.0721 0.4732 0.7348 -0.486
73.1707 -76.9235 -252.919 0.3439 0.1299 0.7175 0.6547 -0.2378
73.1707 -76.9235 -252.919 0.3439 0.1299 0.7175 0.6547 -0.2378
98.9981 -105.579 -258.453 0.3168 0.1684 0.6918 0.686 -0.2255
58.3437 -105.579 -352.096 0.2262 0.0845 0.4011 0.7716 -0.4937
163.637 -142.801 229.832 0.7775 0.0472 0.9851 -0.1719 -0.0047
170.626 -105.579 237.047 0.7824 0.0225 0.982 -0.1879 0.0181
157.378 -105.579 373.817 0.8722 0.0249 0.9917 -0.1073 0.0708
157.378 -105.579 373.817 0.8722 0.0249 0.9917 -0.1073 0.0708
155.005 -142.801 362.325 0.8643 0.0491 0.9944 -0.0834 0.0648
163.637 -142.801 229.832 0.7775 0.0472 0.9851 -0.1719 -0.0047
0.0001 -142.801 -104.295 0.5588 0.2216 0 -1 0
139.689 -142.801 -104.295 0.6191 0.1155 0 -1 0
163.637 -142.801 229.832 0.8833 0.2414 0 -1 0
163.637 -142.801 229.832 0.8833 0.2414 0 -1 0
0 -142.801 260.958 0.8364 0.3792 0 -1 0
0.0001 -142.801 -104.295 0.5588 0.2216 0 -1 0
68.7954 60.964 45.3704 0.5339 0.6739 0.6505 0.7188 -0.2451
0 85.399 45.012 0.5333 0.5675 -0 0.9526 -0.3041
-0 120.795 195.76 0.7664 0.5675 -0 0.9814 -0.1918
-0 120.795 195.76 0.7664 0.5675 -0 0.9814 -0.1918
77.8828 95.9522 205.451 0.7814 0.6879 0.709 0.6916 -0.1379
68.7954 60.964 45.3704 0.5339 0.6739 0.6505 0.7188 -0.2451
0 -142.801 -356.592 0.3596 0.0642 -0 -0.4387 -0.8986
0 -105.579 -374.785 0.3478 0.0398 -0 -0.4391 -0.8984
58.3437 -105.579 -352.096 0.387 0.0281 0.6056 -0.3589 -0.7103
58.3437 -105.579 -352.096 0.387 0.0281 0.6056 -0.3589 -0.7103
56.9153 -142.801 -334.521 0.3978 0.0527 0.7048 -0.3077 -0.6392
0 -142.801 -356.592 0.3596 0.0642 -0 -0.4387 -0.8986
98.349 -142.801 -252.919 0.4883 0.0828 0 -1 0
139.689 -142.801 -104.295 0.6191 0.1155 0 -1 0
0.0001 -142.801 -104.295 0.5588 0.2216 0 -1 0
0.0001 -142.801 -104.295 0.5588 0.2216 0 -1 0
-0 -142.801 -252.919 0.4459 0.1575 0 -1 0
98.349 -142.801 -252.919 0.4883 0.0828 0 -1 0
56.9153 -142.801 -334.521 0.4084 0.0791 0 -1 0
98.349 -142.801 -252.919 0.4883 0.0828 0 -1 0
-0 -142.801 -252.919 0.4459 0.1575 0 -1 0
-0 -142.801 -252.919 0.4459 0.1575 0 -1 0
0 -142.801 -356.592 0.3671 0.1128 0 -1 0
56.9153 -142.801 -334.521 0.4084 0.0791 0 -1 0
0.0001 142.801 341.497 0.9917 0.5675 0 0.9915 -0.1303
86.4086 109.074 341.497 0.9917 0.7011 0.7413 0.6621 -0.1103
77.8828 95.9522 205.451 0.7814 0.6879 0.709 0.6916 -0.1379
77.8828 95.9522 205.451 0.7814 0.6879 0.709 0.6916 -0.1379
-0 120.795 195.76 0.7664 0.5675 -0 0.9814 -0.1918
0.0001 142.801 341.497 0.9917 0.5675 0 0.9915 -0.1303
30.8503 -43.8814 -285.8 0.2385 0.689 0.4115 0.8178 -0.4023
46.671 -76.9235 -319.906 0.2707 0.8603 0.4732 0.7348 -0.486
0.0001 -76.9235 -331.01 0.0482 0.857 -0 0.785 -0.6195
0.0001 -76.9235 -331.01 0.0482 0.857 -0 0.785 -0.6195
0.0001 -41.5203 -292.168 0.0925 0.6824 0 0.8684 -0.4959
30.8503 -43.8814 -285.8 0.2385 0.689 0.4115 0.8178 -0.4023
0.0001 -105.579 374.785 0.7268 0.503 0 0.7563 0.6543
157.378 -105.579 373.817 0.5478 0.4384 0.0041 0.7498 0.6616
132.333 -76.9235 341.497 0.5938 0.3993 0.0034 0.751 0.6602
132.333 -76.9235 341.497 0.5938 0.3993 0.0034 0.751 0.6602
0.0001 -76.9235 341.497 0.7447 0.453 0 0.7579 0.6524
0.0001 -105.579 374.785 0.7268 0.503 0 0.7563 0.6543
-163.637 -142.801 229.832 0.7775 0.0472 -0.9851 -0.1719 -0.0047
-170.626 -105.579 237.047 0.7824 0.0225 -0.982 -0.1879 0.0181
-143.254 -105.579 -103.195 0.5592 0.0237 -0.9817 -0.0899 -0.1679
-143.254 -105.579 -103.195 0.5592 0.0237 -0.9817 -0.0899 -0.1679
-139.689 -142.801 -104.295 0.5584 0.0482 -0.981 -0.0888 -0.1727
-163.637 -142.801 229.832 0.7775 0.0472 -0.9851 -0.1719 -0.0047
-155.005 -142.801 362.325 0.8643 0.0491 -0.005 -0.2987 0.9543
0.0001 -142.801 362.325 0.9585 0.0865 -0 -0.3174 0.9483
0.0001 -105.579 374.785 0.968 0.0627 0 -0.314 0.9494
0.0001 -105.579 374.785 0.968 0.0627 0 -0.314 0.9494
-157.378 -105.579 373.817 0.8722 0.0249 -0.0059 -0.2953 0.9554
-155.005 -142.801 362.325 0.8643 0.0491 -0.005 -0.2987 0.9543
-143.254 -105.579 -103.195 0.5592 0.0237 -0.9817 -0.0899 -0.1679
-98.9981 -105.579 -258.453 0.4537 0.0261 -0.9272 -0.0895 -0.3638
-98.349 -142.801 -252.919 0.4576 0.0504 -0.9317 -0.0713 -0.3563
-98.349 -142.801 -252.919 0.4576 0.0504 -0.9317 -0.0713 -0.3563
-139.689 -142.801 -104.295 0.5584 0.0482 -0.981 -0.0888 -0.1727
-143.254 -105.579 -103.195 0.5592 0.0237 -0.9817 -0.0899 -0.1679
-68.7953 60.964 45.3704 0.5339 0.6739 -0.6505 0.7188 -0.2451
0 85.399 45.012 0.5333 0.5675 -0 0.9526 -0.3041
0 -16.919 -198.559 0.1568 0.5675 -0 0.9538 -0.3003
0 -16.919 -198.559 0.1568 0.5675 -0 0.9538 -0.3003
-45.1199 -23.8499 -198.559 0.1568 0.6373 -0.5107 0.8147 -0.2748
-68.7953 60.964 45.3704 0.5339 0.6739 -0.6505 0.7188 -0.2451
-98.9981 -105.579 -258.453 0.4537 0.0261 -0.9272 -0.0895 -0.3638
-58.3437 -105.579 -352.096 0.387 0.0281 -0.6056 -0.3589 -0.7103
-56.9152 -142.801 -334.521 0.3978 0.0527 -0.7048 -0.3077 -0.6392
-56.9152 -142.801 -334.521 0.3978 0.0527 -0.7048 -0.3077 -0.6392
-98.349 -142.801 -252.919 0.4576 0.0504 -0.9317 -0.0713 -0.3563
-98.9981 -105.579 -258.453 0.4537 0.0261 -0.9272 -0.0895 -0.3638
0 -16.919 -198.559 0.1568 0.5675 -0 0.9538 -0.3003
0.0001 -41.5203 -292.168 0.0121 0.5675 0 0.8684 -0.4959
-30.8503 -43.8814 -285.8 0.0219 0.6152 -0.4115 0.8178 -0.4023
-30.8503 -43.8814 -285.8 0.0219 0.6152 -0.4115 0.8178 -0.4023
-45.1199 -23.8499 -198.559 0.1568 0.6373 -0.5107 0.8147 -0.2748
0 -16.919 -198.559 0.1568 0.5675 -0 0.9538 -0.3003
-155.005 -142.801 362.325 0.9803 0.3051 0 -1 0
-163.637 -142.801 229.832 0.8833 0.2414 0 -1 0
0 -142.801 260.958 0.8364 0.3792 0 -1 0
0 -142.801 260.958 0.8364 0.3792 0 -1 0
0.0001 -142.801 362.325 0.9135 0.4229 0 -1 0
-155.005 -142.801 362.325 0.9803 0.3051 0 -1 0
-132.333 -76.9235 341.497 0.9712 0.4898 -0.8302 0.557 0.0228
-133.423 -76.9235 229.832 0.8486 0.4332 -0.8171 0.5757 -0.0288
-170.626 -105.579 237.047 0.8322 0.4882 -0.6254 0.7803 -0.0116
-170.626 -105.579 237.047 0.8322 0.4882 -0.6254 0.7803 -0.0116
-157.378 -105.579 373.817 0.9873 0.5479 -0.7114 0.6994 0.0689
-132.333 -76.9235 341.497 0.9712 0.4898 -0.8302 0.557 0.0228
-106.24 -76.9235 -104.295 0.3285 0.9883 -0.7483 0.6436 -0.1607
-133.423 -76.9235 229.832 0.8236 0.9883 -0.8171 0.5757 -0.0288
-77.8827 95.9522 205.451 0.7874 0.7321 -0.709 0.6916 -0.1379
-77.8827 95.9522 205.451 0.7874 0.7321 -0.709 0.6916 -0.1379
-68.7953 60.964 45.3704 0.5503 0.784 -0.6505 0.7188 -0.2451
-106.24 -76.9235 -104.295 0.3285 0.9883 -0.7483 0.6436 -0.1607
-77.8827 95.9522 205.451 0.7874 0.7321 -0.709 0.6916 -0.1379
-133.423 -76.9235 229.832 0.8236 0.9883 -0.8171 0.5757 -0.0288
-132.333 -76.9235 341.497 0.989 0.9883 -0.8302 0.557 0.0228
-132.333 -76.9235 341.497 0.989 0.9883 -0.8302 0.557 0.0228
-86.4086 109.074 341.497 0.989 0.7127 -0.7413 0.6621 -0.1103
-77.8827 95.9522 205.451 0.7874 0.7321 -0.709 0.6916 -0.1379
-86.4086 109.074 341.497 0.234 0.1059 0 -0 1
-132.333 -76.9235 341.497 0.3416 0.5445 0 -0 1
0.0001 -76.9235 341.497 0.0296 0.5441 0 -0 1
0.0001 -76.9235 341.497 0.0296 0.5441 0 -0 1
0.0001 142.801 341.497 0.0304 0.0261 0 -0 1
-86.4086 109.074 341.497 0.234 0.1059 0 -0 1
-45.1199 -23.8499 -198.559 0.1888 0.9097 -0.5107 0.8147 -0.2748
-30.8503 -43.8814 -285.8 0.0596 0.9393 -0.4115 0.8178 -0.4023
-46.6708 -76.9235 -319.906 0.009 0.9883 -0.4732 0.7348 -0.486
-46.6708 -76.9235 -319.906 0.009 0.9883 -0.4732 0.7348 -0.486
-73.1707 -76.9235 -252.919 0.1083 0.9883 -0.7175 0.6547 -0.2378
-45.1199 -23.8499 -198.559 0.1888 0.9097 -0.5107 0.8147 -0.2748
-106.24 -76.9235 -104.295 0.3285 0.9883 -0.7483 0.6436 -0.1607
-68.7953 60.964 45.3704 0.5503 0.784 -0.6505 0.7188 -0.2451
-45.1199 -23.8499 -198.559 0.1888 0.9097 -0.5107 0.8147 -0.2748
-45.1199 -23.8499 -198.559 0.1888 0.9097 -0.5107 0.8147 -0.2748
-73.1707 -76.9235 -252.919 0.1083 0.9883 -0.7175 0.6547 -0.2378
-106.24 -76.9235 -104.295 0.3285 0.9883 -0.7483 0.6436 -0.1607
0.0001 -76.9235 -331.01 0.2705 0.0147 -0 0.785 -0.6195
0 -105.579 -374.785 0.2073 0.0113 -0 0.8367 -0.5477
-58.3437 -105.579 -352.096 0.2262 0.0845 -0.4011 0.7716 -0.4937
-58.3437 -105.579 -352.096 0.2262 0.0845 -0.4011 0.7716 -0.4937
-46.6708 -76.9235 -319.906 0.2787 0.0721 -0.4732 0.7348 -0.486
0.0001 -76.9235 -331.01 0.2705 0.0147 -0 0.785 -0.6195
-143.254 -105.579 -103.195 0.4711 0.2881 -0.6109 0.7848 -0.1047
-170.626 -105.579 237.047 0.8322 0.4882 -0.6254 0.7803 -0.0116
-133.423 -76.9235 229.832 0.8486 0.4332 -0.8171 0.5757 -0.0288
-133.423 -76.9235 229.832 0.8486 0.4332 -0.8171 0.5757 -0.0288
-106.24 -76.9235 -104.295 0.4941 0.2364 -0.7483 0.6436 -0.1607
-143.254 -105.579 -103.195 0.4711 0.2881 -0.6109 0.7848 -0.1047
-98.9981 -105.579 -258.453 0.3168 0.1684 -0.6918 0.686 -0.2255
-143.254 -105.579 -103.195 0.4711 0.2881 -0.6109 0.7848 -0.1047
-106.24 -76.9235 -104.295 0.4941 0.2364 -0.7483 0.6436 -0.1607
-106.24 -76.9235 -104.295 0.4941 0.2364 -0.7483 0.6436 -0.1607
-73.1707 -76.9235 -252.919 0.3439 0.1299 -0.7175 0.6547 -0.2378
-98.9981 -105.579 -258.453 0.3168 0.1684 -0.6918 0.686 -0.2255
-58.3437 -105.579 -352.096 0.2262 0.0845 -0.4011 0.7716 -0.4937
-98.9981 -105.579 -258.453 0.3168 0.1684 -0.6918 0.686 -0.2255
-73.1707 -76.9235 -252.919 0.3439 0.1299 -0.7175 0.6547 -0.2378
-73.1707 -76.9235 -252.919 0.3439 0.1299 -0.7175 0.6547 -0.2378
-46.6708 -76.9235 -319.906 0.2787 0.0721 -0.4732 0.7348 -0.486
-58.3437 -105.579 -352.096 0.2262 0.0845 -0.4011 0.7716 -0.4937
-163.637 -142.801 229.832 0.7775 0.0472 -0.9851 -0.1719 -0.0047
-155.005 -142.801 362.325 0.8643 0.0491 -0.9944 -0.0834 0.0648
-157.378 -105.579 373.817 0.8722 0.0249 -0.9917 -0.1073 0.0708
-157.378 -105.579 373.817 0.8722 0.0249 -0.9917 -0.1073 0.0708
-170.626 -105.579 237.047 0.7824 0.0225 -0.982 -0.1879 0.0181
-163.637 -142.801 229.832 0.7775 0.0472 -0.9851 -0.1719 -0.0047
0.0001 -142.801 -104.295 0.5588 0.2216 0 -1 0
0 -142.801 260.958 0.8364 0.3792 0 -1 0
-163.637 -142.801 229.832 0.8833 0.2414 0 -1 0
-163.637 -142.801 229.832 0.8833 0.2414 0 -1 0
-139.689 -142.801 -104.295 0.6191 0.1155 0 -1 0
0.0001 -142.801 -104.295 0.5588 0.2216 0 -1 0
-68.7953 60.964 45.3704 0.5339 0.6739 -0.6505 0.7188 -0.2451
-77.8827 95.9522 205.451 0.7814 0.6879 -0.709 0.6916 -0.1379
-0 120.795 195.76 0.7664 0.5675 -0 0.9814 -0.1918
-0 120.795 195.76 0.7664 0.5675 -0 0.9814 -0.1918
0 85.399 45.012 0.5333 0.5675 -0 0.9526 -0.3041
-68.7953 60.964 45.3704 0.5339 0.6739 -0.6505 0.7188 -0.2451
0 -142.801 -356.592 0.3596 0.0642 -0 -0.4387 -0.8986
-56.9152 -142.801 -334.521 0.3978 0.0527 -0.7048 -0.3077 -0.6392
-58.3437 -105.579 -352.096 0.387 0.0281 -0.6056 -0.3589 -0.7103
-58.3437 -105.579 -352.096 0.387 0.0281 -0.6056 -0.3589 -0.7103
0 -105.579 -374.785 0.3478 0.0398 -0 -0.4391 -0.8984
0 -142.801 -356.592 0.3596 0.0642 -0 -0.4387 -0.8986
-98.349 -142.801 -252.919 0.4883 0.0828 0 -1 0
-0 -142.801 -252.919 0.4459 0.1575 0 -1 0
0.0001 -142.801 -104.295 0.5588 0.2216 0 -1 0
0.0001 -142.801 -104.295 0.5588 0.2216 0 -1 0
-139.689 -142.801 -104.295 0.6191 0.1155 0 -1 0
-98.349 -142.801 -252.919 0.4883 0.0828 0 -1 0
-56.9152 -142.801 -334.521 0.4084 0.0791 0 -1 0
0 -142.801 -356.592 0.3671 0.1128 0 -1 0
-0 -142.801 -252.919 0.4459 0.1575 0 -1 0
-0 -142.801 -252.919 0.4459 0.1575 0 -1 0
-98.349 -142.801 -252.919 0.4883 0.0828 0 -1 0
-56.9152 -142.801 -334.521 0.4084 0.0791 0 -1 0
0.0001 142.801 341.497 0.9917 0.5675 0 0.9915 -0.1303
-0 120.795 195.76 0.7664 0.5675 -0 0.9814 -0.1918
-77.8827 95.9522 205.451 0.7814 0.6879 -0.709 0.6916 -0.1379
-77.8827 95.9522 205.451 0.7814 0.6879 -0.709 0.6916 -0.1379
-86.4086 109.074 341.497 0.9917 0.7011 -0.7413 0.6621 -0.1103
0.0001 142.801 341.497 0.9917 0.5675 0 0.9915 -0.1303
-30.8503 -43.8814 -285.8 0.2385 0.689 -0.4115 0.8178 -0.4023
0.0001 -41.5203 -292.168 0.0925 0.6824 0 0.8684 -0.4959
0.0001 -76.9235 -331.01 0.0482 0.857 -0 0.785 -0.6195
0.0001 -76.9235 -331.01 0.0482 0.857 -0 0.785 -0.6195
-46.6708 -76.9235 -319.906 0.2707 0.8603 -0.4732 0.7348 -0.486
-30.8503 -43.8814 -285.8 0.2385 0.689 -0.4115 0.8178 -0.4023
0.0001 -105.579 374.785 0.7268 0.503 0 0.7563 0.6543
0.0001 -76.9235 341.497 0.7447 0.453 0 0.7579 0.6524
-132.333 -76.9235 341.497 0.5938 0.3993 -0.0034 0.751 0.6602
-132.333 -76.9235 341.497 0.5938 0.3993 -0.0034 0.751 0.6602
-157.378 -105.579 373.817 0.5478 0.4384 -0.0041 0.7498 0.6616
0.0001 -105.579 374.785 0.7268 0.503 0 0.7563 0.6543
